               asset1  asset2    fitted   residual         z  z upper limit  z lower limit  signals1  positions1  signals2  positions2
Date                                                                                                                                  
2013-08-07  14.600000    3.69 -3.655210  18.255210 -1.618480            1.0           -1.0        -1         NaN         1         NaN
2013-08-08  14.700000    3.71 -3.641032  18.341032 -1.572991            1.0           -1.0        -1         0.0         1         0.0
2013-08-09  14.490000    3.65 -3.683565  18.173565 -1.661755            1.0           -1.0        -1         0.0         1         0.0
2013-08-12  14.370000    3.65 -3.683565  18.053565 -1.725360            1.0           -1.0        -1         0.0         1         0.0
2013-08-13  14.420000    3.69 -3.655210  18.075210 -1.713888            1.0           -1.0        -1         0.0         1         0.0
2013-08-14  15.030000    3.82 -3.563055  18.593055 -1.439409            1.0           -1.0        -1         0.0         1         0.0
2013-08-15  15.130000    3.69 -3.655210  18.785210 -1.337558            1.0           -1.0        -1         0.0         1         0.0
2013-08-16  15.190000    3.66 -3.676477  18.866477 -1.294484            1.0           -1.0        -1         0.0         1         0.0
2013-08-19  14.950000    3.60 -3.719010  18.669010 -1.399149            1.0           -1.0        -1         0.0         1         0.0
2013-08-20  14.950000    3.63 -3.697743  18.647743 -1.410422            1.0           -1.0        -1         0.0         1         0.0
2013-08-21  14.880000    3.61 -3.711921  18.591921 -1.440010            1.0           -1.0        -1         0.0         1         0.0
2013-08-22  14.960000    3.63 -3.697743  18.657743 -1.405121            1.0           -1.0        -1         0.0         1         0.0
2013-08-23  14.960000    3.65 -3.683565  18.643565 -1.412636            1.0           -1.0        -1         0.0         1         0.0
2013-08-26  14.990000    3.58 -3.733187  18.723187 -1.370433            1.0           -1.0        -1         0.0         1         0.0
2013-08-27  14.800000    3.39 -3.867876  18.667876 -1.399750            1.0           -1.0        -1         0.0         1         0.0
2013-08-28  14.800000    3.42 -3.846609  18.646609 -1.411023            1.0           -1.0        -1         0.0         1         0.0
2013-08-29  14.770000    3.38 -3.874965  18.644965 -1.411894            1.0           -1.0        -1         0.0         1         0.0
2013-08-30  14.750000    3.27 -3.952942  18.702942 -1.381164            1.0           -1.0        -1         0.0         1         0.0
2013-09-03  14.760000    3.27 -3.952942  18.712942 -1.375863            1.0           -1.0        -1         0.0         1         0.0
2013-09-04  14.900000    3.31 -3.924587  18.824587 -1.316687            1.0           -1.0        -1         0.0         1         0.0
2013-09-05  14.940000    3.41 -3.853698  18.793698 -1.333059            1.0           -1.0        -1         0.0         1         0.0
2013-09-06  14.880000    3.57 -3.740276  18.620276 -1.424980            1.0           -1.0        -1         0.0         1         0.0
2013-09-09  15.130000    3.69 -3.655210  18.785210 -1.337558            1.0           -1.0        -1         0.0         1         0.0
2013-09-10  15.450000    3.87 -3.527611  18.977611 -1.235578            1.0           -1.0        -1         0.0         1         0.0
2013-09-11  15.710000    3.82 -3.563055  19.273055 -1.078980            1.0           -1.0        -1         0.0         1         0.0
2013-09-12  15.700000    3.75 -3.612677  19.312677 -1.057979            1.0           -1.0        -1         0.0         1         0.0
2013-09-13  15.800000    3.83 -3.555966  19.355966 -1.035034            1.0           -1.0        -1         0.0         1         0.0
2013-09-16  15.810000    3.82 -3.563055  19.373055 -1.025976            1.0           -1.0        -1         0.0         1         0.0
2013-09-17  15.860000    3.85 -3.541788  19.401788 -1.010746            1.0           -1.0        -1         0.0         1         0.0
2013-09-18  16.000000    3.93 -3.485078  19.485078 -0.966599            1.0           -1.0         0         1.0         0        -1.0
...               ...     ...       ...        ...       ...            ...            ...       ...         ...       ...         ...
2014-11-17  19.700001    2.67 -4.378273  24.078274  1.467986            1.0           -1.0         1         0.0        -1         0.0
2014-11-18  20.170000    2.65 -4.392451  24.562451  1.724620            1.0           -1.0         1         0.0        -1         0.0
2014-11-19  20.010000    2.63 -4.406629  24.416629  1.647328            1.0           -1.0         1         0.0        -1         0.0
2014-11-20  20.340000    2.69 -4.364096  24.704096  1.799697            1.0           -1.0         1         0.0        -1         0.0
2014-11-21  20.450001    2.77 -4.307385  24.757386  1.827943            1.0           -1.0         1         0.0        -1         0.0
2014-11-24  20.580000    2.83 -4.264852  24.844852  1.874304            1.0           -1.0         1         0.0        -1         0.0
2014-11-25  20.570000    2.83 -4.264852  24.834852  1.869003            1.0           -1.0         1         0.0        -1         0.0
2014-11-26  20.920000    2.84 -4.257763  25.177763  2.050761            1.0           -1.0         1         0.0        -1         0.0
2014-11-28  20.969999    2.79 -4.293207  25.263206  2.096049            1.0           -1.0         1         0.0        -1         0.0
2014-12-01  20.580000    2.67 -4.378273  24.958273  1.934422            1.0           -1.0         1         0.0        -1         0.0
2014-12-02  20.610001    2.68 -4.371185  24.981186  1.946567            1.0           -1.0         1         0.0        -1         0.0
2014-12-03  21.139999    2.74 -4.328651  25.468650  2.204943            1.0           -1.0         1         0.0        -1         0.0
2014-12-04  20.950001    2.69 -4.364096  25.314097  2.123023            1.0           -1.0         1         0.0        -1         0.0
2014-12-05  21.070000    2.66 -4.385362  25.455362  2.197900            1.0           -1.0         1         0.0        -1         0.0
2014-12-08  20.799999    2.58 -4.442073  25.242072  2.084847            1.0           -1.0         1         0.0        -1         0.0
2014-12-09  20.730000    2.59 -4.434984  25.164984  2.043987            1.0           -1.0         1         0.0        -1         0.0
2014-12-10  20.270000    2.48 -4.512962  24.782962  1.841500            1.0           -1.0         1         0.0        -1         0.0
2014-12-11  20.260000    2.49 -4.505873  24.765873  1.832442            1.0           -1.0         1         0.0        -1         0.0
2014-12-12  19.629999    2.52 -4.484606  24.114605  1.487243            1.0           -1.0         1         0.0        -1         0.0
2014-12-15  19.570000    2.47 -4.520051  24.090051  1.474228            1.0           -1.0         1         0.0        -1         0.0
2014-12-16  19.350000    2.50 -4.498784  23.848784  1.346347            1.0           -1.0         1         0.0        -1         0.0
2014-12-17  20.139999    2.55 -4.463340  24.603339  1.746292            1.0           -1.0         1         0.0        -1         0.0
2014-12-18  20.219999    2.55 -4.463340  24.683339  1.788695            1.0           -1.0         1         0.0        -1         0.0
2014-12-19  20.420000    2.57 -4.449162  24.869162  1.887189            1.0           -1.0         1         0.0        -1         0.0
2014-12-22  20.780001    2.66 -4.385362  25.165363  2.044188            1.0           -1.0         1         0.0        -1         0.0
2014-12-23  20.650000    2.67 -4.378273  25.028273  1.971525            1.0           -1.0         1         0.0        -1         0.0
2014-12-24  20.570000    2.65 -4.392451  24.962451  1.936636            1.0           -1.0         1         0.0        -1         0.0
2014-12-26  20.590000    2.65 -4.392451  24.982451  1.947237            1.0           -1.0         1         0.0        -1         0.0
2014-12-29  20.559999    2.66 -4.385362  24.945361  1.927578            1.0           -1.0         1         0.0        -1         0.0
2014-12-30  20.370001    2.63 -4.406629  24.776630  1.838143            1.0           -1.0         1         0.0        -1         0.0

[353 rows x 11 columns]